1
2
3
4
5
6
7
8
9
10
11
12
14
15
16
17
18
19
21
22
24
25
28
29
32
34
35
36
37
38
39
40
41
42
43
45
50
52
54
55
60
62
63
66
67
68
69
70
71
74
75
77
78
79
85
87
88
89
90
91
94
95
97
103
104
105
108
109
113
114
115
116
117
118
119
120
121
122
123
125
126
128
129
130
131
132
133
134
136
138
139
140
141
142
143
144
145
147
148
149
150
151
152
153
154
156
157
159
160
161
162
163
164
165
166
167
170
173
174
175
176
177
179
180
181
183
184
185
186
192
193
195
201
203
204
206
209
210
212
213
215
216
217
221
223
224
225
226
229
231
232
233
234
236
237
239
240
241
242
243
244
245
250
257
259
261
262
265
266
271
273
275
277
278
279
280
281
284
285
286
287
295
299
301
303
305
308
320
321
326
327
328
330
331
332
333
335
336
337
339
340
341
342
345
346
347
349
350
351
354
356
364
367
369
370
371
372
373
374
376
377
378
379
380
381
389
390
393
394
395
397
400
402
403
404
405
406
410
414
415
416
419
420
422
424
425
427
428
430
431
435
436
437
439
441
442
443
444
446
448
449
450
451
452
453
454
455
456
457
458
460
461
464
466
468
469
470
471
472
473
474
475
476
477
478
479
483
484
487
488
489
490
491
495
496
497
498
499
500
501
502
503
504
505
507
508
509
510
511
512
516
519
520
521
522
523
524
525
526
527
528
529
530
531
532
533
534
535
536
537
540
544
545
546
547
548
549
550
551
552
553
554
555
556
557
558
561
562
563
565
566
567
568
569
570
573
574
575
576
577
578
579
580
581
582
583
584
585
586
587
588
589
590
591
592
593
594
595
596
597
598
599
601
602
603
604
608
609
610
611
626
627
628
629
631
632
633
634
635
636
637
638
646
647
648
649
650
652
653
654
655
656
657
659
662
663
664
665
666
667
668
669
685
686
687
688
689
690
698
703
705
706
707
718
719
720
726
727
732
733
734
735
737
755
757
758
759
761
762
764
765
766
767
768
769
771
773
775
776
777
780
781
783
784
785
786
789
790
791
792
795
800
801
802
803
804
805
806
807
808
809
810
811
812
813
814
815
816
817
818
819
820
822
824
826
827
828
829
830
831
832
833
834
835
838
839
840
841
842
843
844
845
846
847
849
850
851
853
854
855
857
858
859
862
863
864
868
869
870
871
872
873
874
875
876
877
878
879
880
881
882
883
884
885
886
887
888
890
891
892
893
894
895
903
1000
1043
1054
1063
1124
1133
1166
1177
1223
1248
1259
1283
1293
1329
1375
1399
1410
1419
1481
1493
1516
1527
1538
1562
1599
1610
1633
